-180
  0
    -175
      140
        -155
        30
        110
        105
        105
        40
        40
      -185
        -180
        -180
        -180
        -180
        -180
        -180
      -155
        -170
        -170
        -170
        -170
        -170
        -170
      -180
        -175
        -175
        -175
        -175
        -175
        -175
      -180
        -175
        -175
        -175
        -175
        -175
        -175
      -165
        -170
        -170
        -170
        -170
        -170
        -170
      -165
        -170
        -170
        -170
        -170
        -170
        -170
    -90
      -5
        -180
        -95
        -65
        -70
        -90
        -85
      -5
        -500
        -75
        -85
        -70
        -90
        -65
        -85
      -170
        -175
        -175
        -175
        -175
        -175
        -175
      -5
        -500
        -75
        -65
        -70
        -90
        -65
        -85
      -5
        -500
        -85
        -80
        -80
        -75
        -75
      -5
        -500
        -65
        -75
        -60
        -80
        -55
        -75
    -60
      5
        -35
        -40
        -60
        -55
        -75
      5
        -55
        -60
        -80
        -75
      5
        -175
        -85
        -55
        -60
        -60
        -75
        -75
      5
        -35
        -40
        -60
        -55
        -75
      5
        -65
        -70
        -70
        -85
        -85
      5
        -500
        -45
        -50
        -70
        -65
        -85
    -65
      0
        23
        12
        -80
      0
        -500
        3
        12
        -80
      0
        -90
        3
        -8
      0
        -500
        23
        12
        -80
      0
        -500
        -7
        2
        -90
      0
        -500
        13
        22
        -70
    -85
      0
        -65
        -80
      0
        -90
        -65
        -80
      0
        -85
      0
        -500
        -75
        -70
      0
        -500
        -170
        -90
    -80
      -5
        1
      -5
        -500
        21
      -5
        -85
        1
        -95
      -5
        -500
        21
      -5
        -500
        11
      -5
        -500
        31
  500
  -90
    -75
      0
        -50
      0
        -500
        -70
      0
        -70
      0
        -50
      0
        -500
        -60
    -175
      5
        -45
        -50
        -70
      -115
        -180
        -180
        -180
        -180
        -180
      -85
        -170
        -170
        -170
        -170
        -170
      -110
        -175
        -175
        -175
        -175
        -175
        -175
      -110
        -175
        -175
        -175
        -175
        -175
        -175
      -95
        -170
        -170
        -170
        -170
        -170
      -95
        -170
        -170
        -170
        -170
        -170
    -175
      160
        -160
        150
        180
        175
        175
        160
        160
      -115
        -180
        -180
        -180
        -180
      -85
        -170
        -170
        -170
        -170
      -90
        -175
        -175
        -175
      -110
        -175
        -175
        -175
        -175
      0
        -180
        -80
        -50
        13
        -75
        2
        -90
      -95
        -170
        -170
        -170
        -170
    -175
      -115
        -180
        -180
        -180
      -85
        -170
        -170
        -170
      -110
        -175
        -175
        -175
      -90
        -175
        -175
      -95
        -170
        -170
        -170
        -170
      0
        -75
        -90
    -175
      -105
        -180
        -180
      -95
        -170
        -170
        -170
      -5
        -95
        -65
        -9
      -100
        -175
        -175
        -175
      -85
        -170
        -170
        -170
        -170
      -105
        -170
        -170
        -170
    -175
      -105
        -180
        -180
      -95
        -170
        -170
      -100
        -175
        -175
        -175
      -5
        -95
      -105
        -170
        -170
      -85
        -170
        -170
        -170
  -115
    -180
      500
      -90
        -175
      -39
        -104
        -104
        -104
        -104
        -104
        -104
      -95
      -28
        -103
        -103
        -103
        -103
        -103
        -103
    -180
      500
      -59
        -104
        -104
        -104
        -104
        -104
      -48
        -103
        -103
        -103
        -103
        -103
      -100
        -175
        -175
        -175
        -175
    -180
      500
      -39
        -104
        -104
        -104
      -28
        -103
        -103
      -100
        -175
        -175
    -180
      500
      -59
        -104
        -104
      -48
        -103
        -103
      -100
        -175
        -175
    -180
      500
      -29
      -18
        -103
      -90
        -175
        -175
        -175
    -180
      500
      -49
        -104
      -38
        -103
      -90
        -175
        -175
  -115
    -180
      500
      -90
        -175
      -115
        -180
        -180
        -180
        -180
        -180
        -180
      -5
        -500
        -85
        -75
        -95
      -100
        -175
        -175
        -175
        -175
        -175
        -175
    -180
      500
      -135
        -180
        -180
        -180
        -180
        -180
      -120
        -175
        -175
        -175
        -175
        -175
    -180
      500
      -135
        -180
        -180
        -180
      -120
        -175
        -175
        -175
    -180
      500
      -115
        -180
        -180
      -100
        -175
    -180
      500
      -125
        -180
      -110
        -175
    -180
      -5
        -95
        -65
        -70
        -85
      500
      -105
      -90
        -175
  -100
    -175
      -37
        -102
        -102
        -102
        -102
        -102
        -102
  -100
    -175
      -105
        -170
        -170
        -170
        -170
        -170
        -170
